y[1] = 0.016868
y[2] = 0.033748
y[3] = 0.050654
y[4] = 0.067601
y[5] = 0.084609
y[6] = 0.101698
y[7] = 0.118890
y[8] = 0.136211
y[9] = 0.153687
y[10] = 0.171347
y[11] = 0.189221
y[12] = 0.207343
y[13] = 0.225745
y[14] = 0.244466
y[15] = 0.263542
y[16] = 0.283014
y[17] = 0.302922
y[18] = 0.323311
y[19] = 0.344224
y[20] = 0.365709
y[21] = 0.387813
y[22] = 0.410585
y[23] = 0.434078
y[24] = 0.458342
y[25] = 0.483434
y[26] = 0.509407
y[27] = 0.536319
y[28] = 0.564228
y[29] = 0.593195
y[30] = 0.623279
y[31] = 0.654544
y[32] = 0.687054
y[33] = 0.720872
y[34] = 0.756067
y[35] = 0.792705
y[36] = 0.830855
y[37] = 0.870588
y[38] = 0.911974
y[39] = 0.955087
